4
5
2
0
0
7
0
7
8
4
0
0
0
0
7
4
8
7
9
0
0
11
0
1
0
8
8
0
1
10
0
0
1
1
2
0
0
1
0
5
8
2
0
0
11
5
0
7
0
0
0
0
0
0
0
4
16
0
0
6
4
10
0
15
0
0
0
2
0
0
0
6
18
0
0
8
9
9
0
16
0
1
1
2
0
2
1
7
11
0
0
8
3
0
0
8
14
14
15
0
0
14
0
0
0
15
13
0
1
0
0
0
2
4
2
0
0
2
0
0
8
3
0
6
0
0
5
5
17
15
12
0
0
20
0
1
0
17
5
0
0
0
8
0
0
0
0
0
0
0
0
10
19
0
0
5
4
3
0
18
15
16
14
0
0
13
0
0
0
15
9
1
0
0
0
0
0
0
0
2
0
0
0
13
20
0
0
7
11
15
0
19
0
0
0
2
0
0
0
8
17
0
0
7
14
7
0
16
12
11
12
0
0
15
1
0
0
11
11
0
1
4
0
0
0
0
0
0
0
0
0
4
18
0
0
0
0
9
3
16
0
0
0
0
0
1
0
5
11
2
0
0
1
5
2
10
0
0
0
4
0
0
0
13
27
0
0
15
12
12
0
27
2
4
3
0
0
4
2
1
7
2
2
1
0
6
0
3
6
5
4
0
0
8
0
5
5
6
0
0
0
0
4
1
6
8
6
1
0
9
7
4
4
3
0
0
0
0
0
0
0
0
0
2
0
0
0
7
19
0
0
9
7
11
0
17
14
13
14
3
0
13
0
1
0
13
5
0
8
0
0
0
17
14
14
0
0
22
3
0
0
14
13
0
0
3
0
0
5
6
6
3
0
6
0
4
4
4
0
0
12
6
0
2
0
0
0
0
0
4
0
9
11
1
0
0
0
9
3
9
0
0
1
0
0
3
0
8
10
0
0
0
2
4
0
7
0
0
0
0
0
0
0
9
16
0
0
10
2
10
0
14
22
23
19
0
0
19
0
0
0
22
13
0
0
0
2
0
15
13
15
0
0
14
0
0
0
15
10
0
5
0
0
0
4
5
4
0
0
8
2
0
5
4
4
0
0
7
0
1
0
0
0
3
0
0
0
5
20
0
0
10
16
17
0
21
4
4
4
0
0
9
1
6
6
4
0
0
0
10
1
1
4
4
8
6
0
6
0
2
3
4
6
7
11
8
0
0
1
3
3
2
0
1
3
3
7
0
0
0
11
0
0
6
0
0
0
1
0
0
0
15
34
0
0
16
13
11
0
34
0
0
0
0
0
0
0
7
24
0
0
9
0
16
3
22
0
0
0
0
0
0
0
15
32
0
0
7
8
21
0
33
6
7
5
0
0
7
0
0
3
6
3
0
0
2
1
0
7
6
6
0
0
10
0
3
2
7
3
0
0
7
0
0
14
13
12
0
1
13
0
0
0
15
2
0
1
0
0
0
0
0
0
0
0
0
0
12
15
0
0
4
4
10
0
13
4
2
7
0
0
4
0
3
3
4
2
9
11
1
0
2
0
2
3
2
0
0
0
0
7
0
3
0
19
12
0
8
0
0
0
0
0
0
0
8
15
0
0
3
4
9
0
13
6
5
8
0
0
6
0
0
0
7
8
5
8
7
0
0
23
21
22
0
2
21
2
0
0
22
15
0
5
0
0
0
0
0
0
0
0
0
0
5
13
0
0
2
6
3
0
11
1
5
2
0
1
0
0
0
8
2
0
1
9
0
0
7
0
0
0
4
0
0
0
6
20
0
0
4
18
12
0
19
3
0
2
0
0
7
0
8
8
1
0
4
0
6
0
5
0
0
0
0
0
0
0
15
34
0
0
5
16
23
0
37
2
4
3
0
1
2
0
3
8
3
0
0
8
0
0
6
12
11
10
0
0
12
0
0
0
14
3
0
0
0
2
0
0
0
1
0
0
0
0
0
10
0
3
7
7
13
0
10
0
0
0
0
0
0
0
6
14
0
0
0
1
11
0
13
10
10
10
0
0
11
0
0
0
9
5
0
3
0
0
0
0
0
0
0
0
0
0
5
15
0
0
14
0
7
0
14
0
0
0
0
0
0
0
3
16
0
0
8
8
11
0
15
12
13
14
0
0
13
0
0
0
13
14
0
6
8
0
0
0
0
0
3
0
0
0
5
16
0
0
13
8
8
0
14
15
14
13
0
0
15
0
0
0
15
7
0
0
0
0
0
2
3
3
0
0
3
0
2
7
3
0
2
2
0
0
4
0
0
0
3
0
0
0
3
14
0
0
3
14
12
0
12
8
8
9
0
0
9
0
3
0
8
4
0
10
7
0
0
12
13
11
0
2
9
0
0
0
11
6
2
4
0
0
0
2
2
5
1
0
3
0
1
6
3
3
9
7
7
0
3
6
4
8
1
0
10
0
1
2
5
10
6
3
14
0
0
0
0
0
0
0
1
0
7
12
0
0
2
0
2
0
10
9
12
10
2
0
8
3
0
0
8
5
2
5
0
0
0
8
9
10
0
0
8
0
0
0
9
7
0
9
7
0
0
5
4
7
0
0
6
0
1
2
6
4
8
4
3
0
0
13
11
12
0
0
13
0
1
0
13
5
1
0
0
0
0
8
6
7
0
0
10
0
4
0
8
2
0
3
5
0
0
0
0
0
0
0
4
0
10
12
0
0
0
1
13
0
9
0
0
0
0
0
0
0
17
28
0
0
5
6
8
0
27
0
1
0
0
0
1
1
5
13
0
0
3
0
5
2
8
8
8
6
0
0
9
0
1
1
8
2
0
0
0
0
0
8
9
9
2
0
11
6
1
1
5
7
5
0
0
0
0
0
0
0
0
0
0
0
11
23
0
0
8
10
20
0
24
0
0
0
0
0
0
0
7
12
0
0
4
4
0
0
10
19
16
18
0
0
18
0
0
0
18
14
5
1
0
0
0
6
7
5
0
0
6
0
2
4
6
0
0
0
0
2
0
0
1
3
0
0
1
0
1
7
2
3
2
9
12
0
5
2
1
5
1
0
3
0
5
6
2
0
4
9
2
0
4
0
0
0
0
0
0
0
4
14
0
0
4
6
9
0
13
1
1
1
0
0
2
0
5
9
3
0
0
2
0
0
7
19
18
19
2
0
20
0
0
0
18
18
1
0
0
0
0
0
0
0
0
0
0
0
11
20
0
0
4
0
22
0
18
0
0
0
0
0
0
0
10
15
0
0
1
6
7
0
12
0
0
0
4
0
0
0
13
33
0
0
13
11
13
0
32
0
0
0
0
0
0
0
5
21
0
0
11
8
20
0
20
6
6
5
1
0
7
0
6
6
5
0
0
1
0
3
1
6
5
6
0
0
10
1
6
2
6
2
0
1
8
0
0
2
1
2
0
0
3
0
8
8
3
0
0
5
0
0
6
8
9
8
0
0
10
2
0
0
7
7
0
0
3
0
0
7
6
6
0
0
8
0
3
5
6
0
4
0
0
4
0
0
0
0
0
0
0
0
12
26
0
0
17
7
5
0
25
9
9
8
0
0
9
0
2
2
10
0
0
0
0
8
0
0
0
0
0
0
0
0
5
13
0
0
2
9
4
0
11
0
0
1
0
0
2
0
5
10
0
0
0
4
2
0
8
